,0,1,2,3,4,5,6,7,8
0,0.0,0.37410232082993067,2.2404308532062434,2.584752411380032,3.0391779609120317,2.144142421606821,2.13819641799644,2.7700387889393907,2.924569959563287
1,0.37410232082993067,0.0,1.900503518263361,2.2784566475663413,2.6900066073956617,1.8345896444296632,1.7837386239298902,2.4544504067197863,2.5694094883141685
2,2.2404308532062434,1.900503518263361,0.0,0.5421422324146296,0.8093668746864137,1.9871294167986666,1.4854339451493017,2.283033213543438,1.8690370147884694
3,2.584752411380032,2.2784566475663413,0.5421422324146296,0.0,0.7746900685464668,2.5277400489601116,2.020583804386682,2.7992226425766344,2.335954681876979
4,3.0391779609120317,2.6900066073956617,0.8093668746864137,0.7746900685464668,0.0,2.372290628974372,1.8408632392625552,2.4703208003807426,1.888204087877414
5,2.144142421606821,1.8345896444296632,1.9871294167986666,2.5277400489601116,2.372290628974372,0.0,0.531930113266111,0.6270824629326108,0.994036514809739
6,2.13819641799644,1.7837386239298902,1.4854339451493017,2.020583804386682,1.8408632392625552,0.531930113266111,0.0,0.8485131831962276,0.7863999150255747
7,2.7700387889393907,2.4544504067197863,2.283033213543438,2.7992226425766344,2.4703208003807426,0.6270824629326108,0.8485131831962276,0.0,0.6730532456460875
8,2.924569959563287,2.5694094883141685,1.8690370147884694,2.335954681876979,1.888204087877414,0.994036514809739,0.7863999150255747,0.6730532456460875,0.0
