,0,1,2,3,4,5,6,7,8
0,0.0,0.6403124237432848,3.5227829907617076,4.1436698710201325,4.78539444560216,4.5541190146942805,4.1340053217188775,5.852349955359813,5.660388679233963
1,0.6403124237432848,0.0,3.0,3.7363083384538807,4.2296571965113205,4.026164427839479,3.5355339059327373,5.316013544000805,5.060632371551998
2,3.5227829907617076,3.0,0.0,1.16619037896906,1.3,4.382921400162226,3.3615472627943217,5.316013544000805,4.428317965096906
3,4.1436698710201325,3.7363083384538807,1.16619037896906,0.0,1.6155494421403513,5.547071299343465,4.518849411078001,6.4513564465157245,5.510898293381942
4,4.78539444560216,4.2296571965113205,1.3,1.6155494421403513,0.0,4.669047011971501,3.6069377593742864,5.333854141237834,4.254409477236529
5,4.5541190146942805,4.026164427839479,4.382921400162226,5.547071299343465,4.669047011971501,0.0,1.0630145812734657,1.2999999999999994,1.5811388300841898
6,4.1340053217188775,3.5355339059327373,3.3615472627943217,4.518849411078001,3.6069377593742864,1.0630145812734657,0.0,2.009975124224178,1.5264337522473754
7,5.852349955359813,5.316013544000805,5.316013544000805,6.4513564465157245,5.333854141237834,1.2999999999999994,2.009975124224178,0.0,1.2206555615733699
8,5.660388679233963,5.060632371551998,4.428317965096906,5.510898293381942,4.254409477236529,1.5811388300841898,1.5264337522473754,1.2206555615733699,0.0
