多元数据统计量
==================================================

1. 均值向量:
--------------------------------------------------
食品    6021.254839
衣着    1379.064516
设备    1255.632258
医疗    1932.835484
交通    2867.716129
教育    2492.990323
居住    5059.958065
杂项     551.874194

2. 协方差矩阵:
--------------------------------------------------
              食品             衣着            设备            医疗            交通            教育            居住             杂项
食品  3.185887e+06  349943.749344  5.498275e+05  5.817040e+05  1.382821e+06  1.277559e+06  4.554060e+06  381181.671462
衣着  3.499437e+05  129237.360366  1.052694e+05  1.650587e+05  2.364327e+05  2.055154e+05  7.507240e+05   77244.978387
设备  5.498275e+05  105269.448183  1.423991e+05  1.780020e+05  3.035292e+05  2.830819e+05  1.055185e+06   85398.434527
医疗  5.817040e+05  165058.686968  1.780020e+05  3.711884e+05  3.970808e+05  4.344133e+05  1.383259e+06  128981.026280
交通  1.382821e+06  236432.733925  3.035292e+05  3.970808e+05  7.883117e+05  6.977140e+05  2.488632e+06  210725.262430
教育  1.277559e+06  205515.355312  2.830819e+05  4.344133e+05  6.977140e+05  7.695061e+05  2.437259e+06  200446.681075
居住  4.554060e+06  750724.001129  1.055185e+06  1.383259e+06  2.488632e+06  2.437259e+06  9.778269e+06  700751.268548
杂项  3.811817e+05   77244.978387  8.539843e+04  1.289810e+05  2.107253e+05  2.004467e+05  7.007513e+05   66632.332645

3. 相关系数矩阵:
--------------------------------------------------
          食品        衣着        设备        医疗        交通        教育        居住        杂项
食品  1.000000  0.545367  0.816315  0.534921  0.872573  0.815943  0.815929  0.827321
衣着  0.545367  1.000000  0.775987  0.753611  0.740738  0.651695  0.667814  0.832403
设备  0.816315  0.775987  1.000000  0.774237  0.905937  0.855170  0.894219  0.876706
医疗  0.534921  0.753611  0.774237  1.000000  0.734062  0.812830  0.726065  0.820136
交通  0.872573  0.740738  0.905937  0.734062  1.000000  0.895823  0.896356  0.919444
教育  0.815943  0.651695  0.855170  0.812830  0.895823  1.000000  0.888515  0.885218
居住  0.815929  0.667814  0.894219  0.726065  0.896356  0.888515  1.000000  0.868141
杂项  0.827321  0.832403  0.876706  0.820136  0.919444  0.885218  0.868141  1.000000

